runs: 1
ticks_per_run: 586
samples_per_tick: 500
view: 1
risk_view: 1
transaction_cost: 0.0
T1: 37.0
T0: 549.0
ROI: 0.10527035464391879
profit: 658.2999999999993
pihat: 0.06313993174061433
lr: 1.9734464094044029
z1: -0.2847756246191564
z2: -0.6224129048091736
z3: -0.6224129048091736
es unconditional observed: 0.024627354946380083
es unconditional expected: 0.016753154103535714
es unconditional predicted: 0.020326743864846526
es conditional observed: 0.019502202700782064
es conditional expected: 0.016753154103535714
es conditional predicted: 0.01609658365513522

Dummy baselines: 
ma2: -0.4228658070924148, -2467.999999999998
ma5: -0.4100796552215716, -2380.2999999999993
ma10: -0.3626875669655382, -2161.0999999999985
ma20: -0.20819806832342055, -1290.7000000000016
ma50: -0.20819806832342055, -1444.0999999999967
perfect: 1.7424021076623784, 9891.999999999996
