runs: 1
ticks_per_run: 1204
samples_per_tick: 100
view: 1
risk_view: 1
transaction_cost: 0.0
T1: 120.0
T0: 1084.0
ROI: 0.48040930021651906
profit: 2994.0299999999943
pihat: 0.09966777408637874
lr: 49.13906563598357
z1: -0.35118776168265287
z2: -1.6933975315933276
z3: -1.6933975315933276
es unconditional observed: 0.03506938174953503
es unconditional expected: 0.01549313524118225
es unconditional predicted: 0.026971055777775046
es conditional observed: 0.017593139844350073
es conditional expected: 0.01549313524118225
es conditional predicted: 0.013530479648517151

Dummy baselines: 
ma2: -0.7270501876216549, -5219.9399999999905
ma5: -0.6578178801964879, -4445.940000000011
ma10: -0.7309830762543833, -5145.79999999999
ma20: -0.4819558652276382, -3725.0700000000115
ma50: -0.4819558652276382, -1974.5999999999958
