runs: 1
ticks_per_run: 4023
samples_per_tick: 200
view: 1
risk_view: 1
transaction_cost: 0.0
T1: 135.0
T0: 3888.0
ROI: 0.012585084845920991
profit: 61.840000000017426
pihat: 0.03355704697986577
lr: 25.768847240194873
z1: -0.13257345452273506
z2: 0.23988358756863426
z3: 0.23988358756863426
es unconditional observed: 0.00045224023954393863
es unconditional expected: 0.0006382297924640289
es unconditional predicted: 0.00039875083099493233
es conditional observed: 0.0006738379569204686
es conditional expected: 0.0006382297924640289
es conditional predicted: 0.0005941387381824491

Dummy baselines: 
ma2: 0.05848415816870699, 286.8679999999995
ma5: 0.027885524096940527, 136.21499999998832
ma10: 0.019561178214250526, 95.18400000000929
ma20: 0.014132745738852412, 68.4149999999945
ma50: 0.014132745738852412, -6.890000000016698
