runs: 1
ticks_per_run: 1200
samples_per_tick: 500
view: 5
risk_view: 1
transaction_cost: 0.002
T1: 127.0
T0: 1073.0
ROI: 0.16209451826088206
profit: 1111.4075199999997
pihat: 0.10583333333333333
lr: 60.47721302173818
z1: -0.2876613624872615
z2: -1.7255498839313703
z3: -1.7255498839313703
es unconditional observed: 0.03633499845195649
es unconditional expected: 0.015886848154729558
es unconditional predicted: 0.029231618470447494
es conditional observed: 0.017166141000924326
es conditional expected: 0.015886848154729558
es conditional predicted: 0.013810213450605114

Dummy baselines: 
ma2: -0.995426273815494, -6381.287959999989
ma5: -0.4736564343884307, -3126.992400000001
ma10: -0.29840069163604876, -2080.853400000002
ma20: 0.017543306541975053, -13.183799999999792
ma50: 0.017543306541975053, -814.5830799999958
perfect: 0.3123234685361599, 1739.4907400000038
