runs: 1
ticks_per_run: 1204
samples_per_tick: 200
view: 1
risk_view: 1
transaction_cost: 0.0
T1: 142.0
T0: 1062.0
ROI: 0.4522202260182207
profit: 2616.6799999999976
pihat: 0.11794019933554817
lr: 86.11061286246138
z1: -0.4062028109787881
z2: -2.316956796660928
z3: -2.316956796660928
es unconditional observed: 0.03947550489993539
es unconditional expected: 0.013881315749412967
es unconditional predicted: 0.029367876308390425
es conditional observed: 0.01673539010546557
es conditional expected: 0.013881315749412967
es conditional predicted: 0.012450325026514815

Dummy baselines: 
ma2: -0.7270501876216549, -5219.9399999999905
ma5: -0.6578178801964879, -4445.940000000011
ma10: -0.7309830762543833, -5145.79999999999
ma20: -0.4819558652276382, -3725.0700000000115
ma50: -0.4819558652276382, -1974.5999999999958
