runs: 1
ticks_per_run: 1204
samples_per_tick: 500
view: 1
risk_view: 1
transaction_cost: 0.0
T1: 90.0
T0: 1114.0
ROI: 0.4552345493585527
profit: 3163.2399999999943
pihat: 0.07475083056478406
lr: 13.567943548186463
z1: -0.20658973581572426
z2: -0.8038716980633749
z3: -0.8038716980633751
es unconditional observed: 0.03059774702216622
es unconditional expected: 0.01779265830647582
es unconditional predicted: 0.025966009002599034
es conditional observed: 0.020466493008160072
es conditional expected: 0.01779265830647582
es conditional predicted: 0.017368374910627354

Dummy baselines: 
ma2: -0.7270501876216549, -5219.9399999999905
ma5: -0.6578178801964879, -4445.940000000011
ma10: -0.7309830762543833, -5145.79999999999
ma20: -0.4819558652276382, -3725.0700000000115
ma50: -0.4819558652276382, -1974.5999999999958
perfect: -0.5878306298115583, -4132.940000000002
