MMD: 0.012629032135009766
That: 3.351806299178861e-07
MSE1: 0.005688102450221777
MSEtotal: 0.3483491628430784
