MMD: 0.01742863655090332
That: 7.964217729750089e-07
MSE1: 0.006452606059610844
MSEtotal: 0.4533278401941061
