runs: 1
ticks_per_run: 1204
samples_per_tick: 200
view: 1
risk_view: 1
transaction_cost: 0.0
T1: 64.0
T0: 1140.0
ROI: -0.36125477796768946
profit: -160.4699999999999
pihat: 0.053156146179401995
lr: 0.24761216244860407
z1: -0.11155826499535326
z2: -0.18172307242030916
z3: -0.18172307242030916
es unconditional observed: 0.02173590381779004
es unconditional expected: 0.019309790328482613
es unconditional predicted: 0.01931534390317287
es conditional observed: 0.020445334528608756
es conditional expected: 0.019309790328482613
es conditional predicted: 0.018168495358921982

Dummy baselines: 
ma2: -0.639028332595234, -232.63999999999942
ma5: -0.42846373740914867, -163.40999999999985
ma10: -0.43981590868146314, -167.17999999999978
ma20: -0.29072044605717945, -112.61000000000024
ma50: -0.29072044605717945, -93.25999999999999
