runs: 1
ticks_per_run: 1204
samples_per_tick: 200
view: 1
risk_view: 1
transaction_cost: 0.0
T1: 72.0
T0: 1132.0
ROI: 0.3355010304626701
profit: 16.839999999999975
pihat: 0.059800664451827246
lr: 2.2972577712342854
z1: -0.2197691943795328
z2: -0.45886016603532154
z3: -0.45886016603532154
es unconditional observed: 0.030838327177792148
es unconditional expected: 0.022476545695507492
es unconditional predicted: 0.026009303351294064
es conditional observed: 0.025784268001431767
es conditional expected: 0.022476545695507492
es conditional predicted: 0.02174666752427643

Dummy baselines: 
ma2: -1.0161486947887237, -66.2400000000002
ma5: -0.8124145993431344, -53.5800000000001
ma10: -0.7147906415895421, -48.52000000000008
ma20: -0.6031778377888948, -41.520000000000024
ma50: -0.6031778377888948, -18.83
