epoch: 150
steps: 10
MMD: 0.011046886444091797
THAT: 2.0409515855135396e-07
LL1: 0.005788370966911316
LL5: 0.031152764335274696
LL10: 0.06900380551815033
LLsum: 0.358780812472105
KLloss: -30.747150361537933
ELBO: 0.389527962833643
KLloss@1: -0.9294186234474182
ELBO@1: 0.006717789590358734
