epoch: 160
steps: 10
MMD: 0.004174470901489258
THAT: 6.718819349771366e-07
LL1: -0.667651891708374
LL5: 58.50868606567383
LL10: 129.60459899902344
LLsum: 674.7082114219666
KLloss: -17.92031416296959
ELBO: 692.6285255849361
KLloss@1: -0.24780133366584778
ELBO@1: -0.41985055804252625
