MMD: 0.0184328556060791
That: 1.4452252798946574e-06
MSE1: 0.005835894029587507
MSEtotal: 0.40283152321353555
