epoch: 20
MMD: 0.009844064712524414
MSE1: 1.5347774028778076
MSEtotal: 55.02168728411198
