epoch: 40
steps: 10
MMD: 0.01386404037475586
THAT: 4.3763884605141357e-07
LL1: 0.005721879657357931
LL5: 0.030264435335993767
LL10: 0.0644596666097641
LLtotal: 0.34284924855455756
MSE1: 0.005721879211419206
MSEtotal: 0.3428492438735229
