epoch: 40
steps: 10
MMD: 0.013850688934326172
THAT: 9.387258614879102e-07
LL1: -1.5081175565719604
LL5: 0.9275990128517151
LL10: 9.1162691116333
LLtotal: 25.113411590456963
MSE1: 0.005692680245889887
MSEtotal: 0.34442748484847735
