runs: 1
ticks_per_run: 1204
samples_per_tick: 500
view: 1
risk_view: 1
transaction_cost: 0.0
T1: 111.0
T0: 1093.0
ROI: 0.23453168309604938
profit: 1030.0499999999947
pihat: 0.09219269102990033
lr: 1.172664180133195e-08
z1: -0.21188895019945297
z2: 1201.7654539290343
z3: 1201.7654539290343
es unconditional observed: 0.031100191119727845
es unconditional expected: 0.017611313299520186
es unconditional predicted: 0.02587327791880004
es conditional observed: 0.016866950499167713
es conditional expected: 0.017611313299520186
es conditional predicted: 0.014032174150556416
